100 1000000000000000000
100000 99999
99999 99998
99998 99997
99997 99996
99996 99995
99995 99994
99994 99993
99993 99992
99992 99991
99991 99990
99990 99989
99989 99988
99988 99987
99987 99986
99986 99985
99985 99984
99984 99983
99983 99982
99982 99981
99981 99980
99980 99979
99979 99978
99978 99977
99977 99976
99976 99975
99975 99974
99974 99973
99973 99972
99972 99971
99971 99970
99970 99969
99969 99968
99968 99967
99967 99966
99966 99965
99965 99964
99964 99963
99963 99962
99962 99961
99961 99960
99960 99959
99959 99958
99958 99957
99957 99956
99956 99955
99955 99954
99954 99953
99953 99952
99952 99951
99951 99950
99950 99949
99949 99948
99948 99947
99947 99946
99946 99945
99945 99944
99944 99943
99943 99942
99942 99941
99941 99940
99940 99939
99939 99938
99938 99937
99937 99936
99936 99935
99935 99934
99934 99933
99933 99932
99932 99931
99931 99930
99930 99929
99929 99928
99928 99927
99927 99926
99926 99925
99925 99924
99924 99923
99923 99922
99922 99921
99921 99920
99920 99919
99919 99918
99918 99917
99917 99916
99916 99915
99915 99914
99914 99913
99913 99912
99912 99911
99911 99910
99910 99909
99909 99908
99908 99907
99907 99906
99906 99905
99905 99904
99904 99903
99903 99902
99902 99901
99901 99900
